   1.0000000000000000e+02	
   8.0219999999999999e+01	
   7.9489999999999995e+01	
   6.0799999999999997e+01	
   5.9969999999999999e+01	
   6.0479999999999997e+01	
   4.0100000000000001e+01	
   4.0000000000000000e+01	
   4.1219999999999999e+01	
   4.1159999999999997e+01	
   2.0530000000000001e+01	
   2.0350000000000001e+01	
   2.0329999999999998e+01	
   2.0609999999999999e+01	
   2.0760000000000002e+01	
   0.0000000000000000e+00	
   0.0000000000000000e+00	
   0.0000000000000000e+00	
   0.0000000000000000e+00	
   0.0000000000000000e+00	
   0.0000000000000000e+00	
